[
  [
    0.0,
    74.69127,
    75.64683,
    82.28301,
    72.7769852,
    76.22399,
    75.92967,
    71.84853,
    72.66164,
    78.32672,
    80.6406555,
    82.0658,
    73.53909,
    82.12555
  ],
  [
    74.69127,
    0.0,
    62.0,
    73.0,
    92.0,
    44.0,
    67.0,
    78.0,
    83.0,
    73.0,
    32.0,
    69.0,
    75.0,
    62.0
  ],
  [
    75.64683,
    62.0,
    0.0,
    64.0,
    54.0,
    82.0,
    33.0,
    32.0,
    71.0,
    93.0,
    67.0,
    33.0,
    31.0,
    90.0
  ],
  [
    82.28301,
    73.0,
    64.0,
    0.0,
    31.0,
    44.0,
    82.0,
    33.0,
    55.0,
    52.0,
    84.0,
    31.0,
    39.0,
    58.0
  ],
  [
    72.7769852,
    92.0,
    54.0,
    31.0,
    0.0,
    51.0,
    90.0,
    90.0,
    36.0,
    67.0,
    51.0,
    33.0,
    85.0,
    83.0
  ],
  [
    76.22399,
    44.0,
    82.0,
    44.0,
    51.0,
    0.0,
    81.0,
    87.0,
    77.0,
    67.0,
    50.0,
    55.0,
    72.0,
    75.0
  ],
  [
    75.92967,
    67.0,
    33.0,
    82.0,
    90.0,
    81.0,
    0.0,
    38.0,
    65.0,
    87.0,
    51.0,
    75.0,
    61.0,
    61.0
  ],
  [
    71.84853,
    78.0,
    32.0,
    33.0,
    90.0,
    87.0,
    38.0,
    0.0,
    45.0,
    62.0,
    81.0,
    56.0,
    94.0,
    44.0
  ],
  [
    72.66164,
    83.0,
    71.0,
    55.0,
    36.0,
    77.0,
    65.0,
    45.0,
    0.0,
    94.0,
    88.0,
    91.0,
    39.0,
    69.0
  ],
  [
    78.32672,
    73.0,
    93.0,
    52.0,
    67.0,
    67.0,
    87.0,
    62.0,
    94.0,
    0.0,
    94.0,
    55.0,
    47.0,
    67.0
  ],
  [
    80.6406555,
    32.0,
    67.0,
    84.0,
    51.0,
    50.0,
    51.0,
    81.0,
    88.0,
    94.0,
    0.0,
    32.0,
    94.0,
    83.0
  ],
  [
    82.0658,
    69.0,
    33.0,
    31.0,
    33.0,
    55.0,
    75.0,
    56.0,
    91.0,
    55.0,
    32.0,
    0.0,
    95.0,
    31.0
  ],
  [
    73.53909,
    75.0,
    31.0,
    39.0,
    85.0,
    72.0,
    61.0,
    94.0,
    39.0,
    47.0,
    94.0,
    95.0,
    0.0,
    78.0
  ],
  [
    82.12555,
    62.0,
    90.0,
    58.0,
    83.0,
    75.0,
    61.0,
    44.0,
    69.0,
    67.0,
    83.0,
    31.0,
    78.0,
    0.0
  ]
]